[gd_scene load_steps=14 format=2]

[ext_resource path="res://entity/drone_turrets/turret_6/turret_6.gd" type="Script" id=1]
[ext_resource path="res://addons/3DOutline/Outline.material" type="Material" id=2]

[sub_resource type="ConvexPolygonShape" id=14]
points = PoolVector3Array( -0.983384, -0.0168139, -0.146314, 0.979589, 0.0248868, 0.145755, 0.983383, -0.0168147, 0.146319, 0.146482, -0.0168134, -0.983359, -0.115832, 0.197129, -0.115816, -0.159809, -0.115799, 0.799338, 0.116249, -0.18973, -0.290672, -0.161739, 0.0849326, 0.889763, 0.585576, 0.160204, -0.117121, -0.2994, 0.103846, -0.798428, -0.676414, -0.115296, -0.457591, -0.828118, 0.0848372, 0.36359, 0.609015, -0.077132, 0.690311, 0.76227, -0.0371069, -0.617841, 0.494613, 0.122721, 0.613338, -0.676412, -0.115295, 0.457591, 0.518151, 0.103712, -0.677759, 0.6278, -0.152863, 0.13723, -0.752957, 0.0650889, -0.569959, -0.212937, -0.189569, 0.232344, -0.369333, -0.0574692, -0.882331, -0.135723, 0.178726, 0.426765, -0.790446, -0.0166965, 0.603217, 0.417564, 0.0248881, 0.898018, 0.354945, -0.133962, -0.650778, -0.687134, 0.14147, -0.157011, 0.291629, -0.17093, 0.427637, -0.124148, -0.0372822, 0.972498, 0.87839, 0.0653093, -0.347196, -0.0986862, -0.134396, -0.732016, 0.779148, -0.115782, -0.239564, -0.0387642, 0.178721, -0.446215, -0.627732, -0.152875, -0.137208, 0.833243, 0.0649909, 0.446932, -0.569757, 0.0650865, 0.753111, 0.387178, 0.178359, 0.232357, -0.486665, 0.159754, 0.350349, -0.762126, -0.0371074, -0.618039, -0.941857, -0.0573492, 0.16376, -0.375397, 0.0248603, -0.917545, 0.161704, 0.084933, -0.889767, 0.773754, 0.123105, 0.138763, -0.970562, 0.0453122, 0.0619427, 0.221323, -0.0965761, 0.845371, 0.600872, 0.0247289, -0.787407, -0.455246, -0.0372841, 0.868966, -0.291662, -0.170928, -0.427632, 0.846046, -0.0371708, 0.495192, 0.962117, -0.0168086, -0.250787, -0.489792, 0.141155, -0.509252, 0.156993, 0.141472, 0.687136, 0.369302, -0.0574699, -0.882342, 0.29065, -0.189731, -0.116269, 0.845459, -0.0965511, 0.221191, 0.348255, 0.178231, -0.290233, -0.375998, 0.122736, 0.692436, 0.156992, 0.141472, -0.687133, -0.865509, -0.0965698, -0.12076, -0.137223, -0.152875, 0.627726, 0.102006, 0.0652812, 0.939273, -0.907434, 0.0452669, -0.35056, 0.624244, 0.0248148, 0.770001, 0.615855, -0.1151, 0.536361, -0.426923, 0.178713, -0.135698 )

[sub_resource type="SphereMesh" id=15]
height = 0.4

[sub_resource type="SpatialMaterial" id=10]
next_pass = ExtResource( 2 )
albedo_color = Color( 0.635294, 0.635294, 0.635294, 1 )

[sub_resource type="CubeMesh" id=6]
size = Vector3( 1.4, 0.6, 1 )

[sub_resource type="SpatialMaterial" id=7]
next_pass = ExtResource( 2 )
albedo_color = Color( 0.407843, 0.407843, 0.407843, 1 )

[sub_resource type="CylinderMesh" id=12]
top_radius = 0.8
bottom_radius = 0.6
height = 0.3

[sub_resource type="SpatialMaterial" id=13]
next_pass = ExtResource( 2 )
albedo_color = Color( 0.286275, 0.286275, 0.286275, 1 )

[sub_resource type="CubeMesh" id=18]
size = Vector3( 0.9, 0.5, 1.3 )

[sub_resource type="SpatialMaterial" id=19]
albedo_color = Color( 0.337255, 0.337255, 0.337255, 1 )

[sub_resource type="CubeMesh" id=16]
size = Vector3( 0.4, 0.4, 0.1 )

[sub_resource type="SpatialMaterial" id=17]
albedo_color = Color( 0.254902, 0.254902, 0.254902, 1 )

[node name="turret_6" type="KinematicBody"]
input_ray_pickable = false
script = ExtResource( 1 )
body_path = NodePath(".")
head_path = NodePath("pivot/weapon")

[node name="CollisionShape" type="CollisionShape" parent="."]
transform = Transform( 1, 0, 0, 0, 1, 0, 0, 0, 1, 0, 0.314069, 0 )
shape = SubResource( 14 )

[node name="pivot" type="Spatial" parent="."]

[node name="MeshInstance" type="MeshInstance" parent="pivot"]
transform = Transform( 1, 0, 0, 0, 1, 0, 0, 0, 1, 0, 0.314069, 0 )
mesh = SubResource( 15 )
material/0 = SubResource( 10 )

[node name="MeshInstance4" type="MeshInstance" parent="pivot"]
transform = Transform( 1, 0, 0, 0, 1, 0, 7.10543e-15, 0, 1, 7.39865e-08, 0.422961, -0.965231 )
mesh = SubResource( 6 )
material/0 = SubResource( 7 )

[node name="MeshInstance2" type="MeshInstance" parent="pivot"]
mesh = SubResource( 12 )
material/0 = SubResource( 13 )

[node name="MeshInstance3" type="MeshInstance" parent="pivot"]
transform = Transform( 1, 0, 0, 0, 0.976563, -0.21523, 0, 0.21523, 0.976563, 0.0125652, 0.341729, 0.133841 )
mesh = SubResource( 18 )
material/0 = SubResource( 19 )

[node name="box" type="MeshInstance" parent="pivot"]
transform = Transform( 0.906308, 0.242404, -0.346189, 0, 0.819152, 0.573576, 0.422618, -0.519837, 0.742404, -0.4, 0.429, 0.938266 )
mesh = SubResource( 16 )
material/0 = SubResource( 17 )

[node name="box4" type="MeshInstance" parent="pivot"]
transform = Transform( 0.601815, 0.458079, -0.654204, 0, 0.819152, 0.573576, 0.798635, -0.345187, 0.492978, -0.798993, 0.429, 0.58608 )
mesh = SubResource( 16 )
material/0 = SubResource( 17 )

[node name="box2" type="MeshInstance" parent="pivot"]
transform = Transform( 0.906308, -0.242404, 0.346189, 0, 0.819152, 0.573576, -0.422618, -0.519837, 0.742404, 0.4, 0.429, 0.924694 )
mesh = SubResource( 16 )
material/0 = SubResource( 17 )

[node name="box3" type="MeshInstance" parent="pivot"]
transform = Transform( 0.591605, -0.462433, 0.660423, 0, 0.819152, 0.573576, -0.806228, -0.339331, 0.484614, 0.817842, 0.429, 0.554461 )
mesh = SubResource( 16 )
material/0 = SubResource( 17 )

[node name="weapon" type="Spatial" parent="pivot"]
transform = Transform( 1, 0, 0, 0, 1, 0, 0, 0, 1, 0, 0.277917, 0.35 )

[node name="weapon_pos" type="Position3D" parent="pivot/weapon"]
transform = Transform( 1, 0, 0, 0, 1, 0, 0, 0, 1, 0, 0.00299999, 0.19616 )

[node name="sensor_pos" type="Position3D" parent="pivot"]
transform = Transform( 1, 0, 7.10543e-15, 0, 1, 0, 0, 0, 1, 1.85619e-08, 0.729141, -1.21484 )
